"treat1" "treat2" "logor" "selogor"                   
1        2        -0.003  0.031
1        3        -0.158  0.049
1        5        -0.060  0.090
1        7        -0.666  0.185
1        8        -0.369  0.518
1        6        -0.006  0.039
2        7        -0.541  0.418
2        8        -0.297  0.347
2        6         0.017  0.039
3        4         0.113  0.056
3        5         0.019  0.066
3        7        -0.215  0.118
3        8         0.145  0.356
3        6         1.409  0.416
